%YAML:1.0
Lights: !!opencv-matrix
   rows: 12
   cols: 3
   dt: f
   data: [-0.0536, -0.0780, 0.9955,
            -0.3145, -0.0664, 0.9469,
            -0.5233, -0.0525, 0.8506, 
            0.0492, -0.0787, 0.9957 ,
            0.3064, -0.0701, 0.9493 ,
            0.5136, -0.0587, 0.8560,
            0.0428, 0.1878, 0.9813,
            0.0387, 0.3095, 0.9501,
            0.0344, 0.4173, 0.9081,
            -0.5849, 0.1744, 0.7922,
            -0.5659, 0.2764, 0.7768,
            -0.5424, 0.3692, 0.7546
            ]


